$ 1 0.000005 382.76258214399064 50 5 43 5e-11
a 912 192 1040 192 8 15 -15 1000000 4.999950000499995 5 100000
a 912 304 1040 304 8 15 -15 1000000 3.571392857499995 3.57142857142857 100000
a 912 416 1040 416 8 15 -15 1000000 2.142835714499997 2.1428571428571423 100000
a 912 528 1040 528 8 15 -15 1000000 0.7142785714999987 0.7142857142857137 100000
a 912 640 1040 640 8 15 -15 1000000 -0.7142785714999996 -0.7142857142857146 100000
a 912 752 1040 752 8 15 -15 1000000 -2.142835714499998 -2.142857142857143 100000
a 912 864 1040 864 8 15 -15 1000000 -3.5713928574999976 -3.5714285714285725 100000
a 912 976 1040 976 8 15 -15 1000000 -4.999950000499995 -5 100000
w 912 992 816 992 0
w 912 880 816 880 0
w 912 768 816 768 0
w 912 656 816 656 0
w 912 544 816 544 0
w 912 432 816 432 0
w 912 320 816 320 0
w 912 208 816 208 0
r 816 208 816 320 0 10000
r 816 320 816 432 0 10000
r 816 432 816 544 0 10000
r 816 544 816 656 0 10000
r 816 656 816 768 0 10000
r 816 768 816 880 0 10000
r 816 880 816 992 0 10000
R 816 208 736 208 0 0 40 5 0 0 0.5
R 816 -32 736 -32 0 1 20 5 0 0 0.5
R 816 992 736 992 0 0 40 -5 0 0 0.5
a 1584 592 1712 592 8 15 -15 1000000 -7.738771620389786e-7 0 100000
r 1296 240 1376 240 0 10000
r 1296 352 1376 352 0 10000
r 1296 464 1376 464 0 10000
r 1296 576 1376 576 0 10000
r 1296 688 1376 688 0 10000
r 1296 800 1376 800 0 10000
w 1040 976 1296 976 0
w 1040 864 1296 864 0
w 1040 752 1296 752 0
w 1040 640 1296 640 0
w 1040 528 1296 528 0
w 1040 416 1296 416 0
w 1040 304 1296 304 0
w 1040 192 1296 192 0
d 1296 304 1296 240 2 default
d 1296 240 1296 192 2 default
d 1296 352 1296 304 2 default
d 1296 416 1296 352 2 default
d 1296 464 1296 416 2 default
d 1296 528 1296 464 2 default
d 1296 576 1296 528 2 default
d 1296 640 1296 576 2 default
d 1296 688 1296 640 2 default
d 1296 752 1296 688 2 default
d 1296 800 1296 752 2 default
d 1296 864 1296 800 2 default
d 1296 912 1296 864 2 default
d 1296 976 1296 912 2 default
w 1120 240 1120 352 0
w 1120 352 1120 464 0
w 1120 464 1120 576 0
w 1120 -16 1120 240 0
w 1120 576 1120 688 0
w 1120 688 1120 800 0
w 1120 800 1120 912 0
r 1296 912 1376 912 0 10000
r 1584 512 1712 512 0 10000
w 1584 512 1584 576 0
w 1712 512 1712 592 0
g 1584 608 1584 672 0 0
w 1824 592 1904 592 0
a 928 -16 1024 -16 8 15 -15 1000000 -0.08028320551388163 -0.08028400834593677 100000
w 928 -32 928 -64 0
w 928 -64 1024 -64 0
w 1024 -64 1024 -16 0
w 1024 -16 1120 -16 0
w 912 176 912 144 0
w 912 144 1040 144 0
w 1040 144 1040 192 0
w 912 288 912 256 0
w 912 256 1040 256 0
w 1040 256 1040 304 0
w 912 400 912 368 0
w 912 368 1040 368 0
w 1040 368 1040 416 0
w 912 512 912 480 0
w 912 480 1040 480 0
w 1040 480 1040 528 0
w 912 624 912 592 0
w 912 592 1040 592 0
w 1040 592 1040 640 0
w 912 736 912 704 0
w 912 704 1040 704 0
w 1040 704 1040 752 0
w 912 848 912 816 0
w 912 816 1040 816 0
w 1040 816 1040 864 0
w 912 960 912 928 0
w 912 928 1040 928 0
w 1040 928 1040 976 0
w 1408 240 1408 464 0
w 1376 464 1408 464 0
w 1376 688 1408 688 0
w 1408 688 1408 464 0
w 1376 912 1408 912 0
w 1408 912 1408 688 0
w 1376 352 1456 352 0
w 1456 352 1456 576 0
w 1456 576 1376 576 0
w 1376 800 1456 800 0
w 1456 800 1456 576 0
w 1456 576 1584 576 0
r 1712 592 1824 592 0 10000
w 2032 608 2096 608 0
g 1904 624 1904 688 0 0
w 2032 528 2032 608 0
w 1904 528 1904 592 0
r 1904 528 2032 528 0 150000
a 1904 608 2032 608 8 15 -15 1000000 0.00000816199210399377 0 100000
174 816 -32 880 32 1 10000 0.9950000000000001 fold amount
g 816 96 816 128 0 0
w 880 0 928 0 0
x 801 1076 1193 1079 4 24 replace\swith\sparallel\sADC\ssomehow?
x 878 1104 1136 1107 4 24 would\ssave\son\sop\samps.
r 816 32 816 96 0 1000
w 1408 240 1824 240 0
w 1824 592 1824 240 0
x 368 43 757 46 4 24 Adjust\sratio\sbetween\spot\sand\sresistor
x 359 80 595 83 4 24 \sto\sget\slower\sgain\sand\s
x 364 118 668 121 4 24 minimize\sharmonic\sdistortion
w 1376 240 1408 240 0
r 1120 240 1296 240 0 1000
r 1120 352 1296 352 0 1000
r 1120 464 1296 464 0 1000
r 1120 576 1296 576 0 1000
r 1120 688 1296 688 0 1000
r 1120 800 1296 800 0 1000
r 1120 912 1296 912 0 1000
o 24 64 0 4354 5 0.1 0 2 24 3
o 110 64 0 12546 4.014144424453565 0.0001 1 2 110 3
